N                 Nof matrix entriestime triplte to Time Gauss decomp Time Gauss solvTime Gauss total
                16                64               4                35              5            40
                64               288              42              2753            111          2864
               144               672             383             63205            546         63751
               256              1216            1250            202717           1534        204251
               400              1920            2969            681652           3324        684976
               576              2784            5918           2065004           7327       2072331
               784              3808           14757           6251239          15376       6266615
              1024              4992            5777          12267102          22897      12289999
              1296              6336            5720          23387758          37443      23425201
              1600              7840            9744          42907345          55974      42963319
